x,y,v
0,0,1
0,1,0
0,2,1
0,3,0
0,4,0
0,5,1
0,6,0
0,7,0
0,8,1
0,9,0
0,10,1
0,11,0
0,12,1
0,13,0
0,14,0
0,15,1
0,16,1
0,17,0
0,18,1
0,19,1
0,20,0
0,21,1
0,22,1
0,23,0
0,24,0
0,25,1
0,26,1
0,27,0
0,28,1
0,29,1
0,30,1
0,31,1
0,32,1
0,33,0
0,34,1
0,35,0
0,36,0
0,37,0
0,38,0
0,39,1
0,40,1
0,41,1
0,42,1
0,43,0
0,44,0
0,45,0
0,46,1
0,47,1
0,48,1
0,49,1
1,0,1
1,1,0
1,2,1
1,3,0
1,4,1
1,5,1
1,6,1
1,7,1
1,8,0
1,9,0
1,10,1
1,11,0
1,12,1
1,13,0
1,14,0
1,15,1
1,16,0
1,17,0
1,18,0
1,19,1
1,20,0
1,21,0
1,22,1
1,23,0
1,24,0
1,25,0
1,26,1
1,27,1
1,28,0
1,29,1
1,30,0
1,31,1
1,32,1
1,33,0
1,34,1
1,35,0
1,36,0
1,37,0
1,38,0
1,39,0
1,40,1
1,41,0
1,42,1
1,43,0
1,44,0
1,45,0
1,46,1
1,47,1
1,48,1
1,49,1
2,1,1
2,1,0
2,2,1
2,3,0
2,4,0
2,5,0
2,6,0
2,7,0
2,8,0
2,9,1
2,10,1
2,11,1
2,12,1
2,13,0
2,14,1
2,15,1
2,16,0
2,17,1
2,18,0
2,19,0
2,20,0
2,21,1
2,22,1
2,23,0
2,24,1
2,25,1
2,26,1
2,27,0
2,28,0
2,29,0
2,30,0
2,31,0
2,32,1
2,33,0
2,34,1
2,35,0
2,36,0
2,37,1
2,38,1
2,39,1
2,40,1
2,41,0
2,42,1
2,43,0
2,44,0
2,45,0
2,46,0
2,47,0
2,48,1
2,49,1
3,0,1
3,0,1
3,2,1
3,3,0
3,4,0
3,5,1
3,6,1
3,7,0
3,8,1
3,9,1
3,00,1
3,01,1
3,02,1
3,03,0
3,04,1
3,05,1
3,06,0
3,07,1
3,08,0
3,09,1
3,20,1
3,21,0
3,22,1
3,23,0
3,24,1
3,25,0
3,26,0
3,27,1
3,28,0
3,29,0
3,30,0
3,31,0
3,32,1
3,33,0
3,34,0
3,35,0
3,36,1
3,37,0
3,38,1
3,39,1
3,40,1
3,41,1
3,42,1
3,43,0
3,44,0
3,45,1
3,46,1
3,47,0
3,48,1
3,49,1
4,0,0
4,1,1
4,2,1
4,3,0
4,4,1
4,5,0
4,6,1
4,7,0
4,8,1
4,9,0
4,10,1
4,11,1
4,12,1
4,13,0
4,14,0
4,15,0
4,16,1
4,17,1
4,18,1
4,19,0
4,20,1
4,21,0
4,22,1
4,23,0
4,24,0
4,25,0
4,26,1
4,27,0
4,28,0
4,29,1
4,30,0
4,31,1
4,32,1
4,33,0
4,34,0
4,35,0
4,36,0
4,37,1
4,38,1
4,39,1
4,40,0
4,41,1
4,42,1
4,43,0
4,44,0
4,45,1
4,46,0
4,47,0
4,48,0
4,49,1
5,0,1
5,1,1
5,2,1
5,3,0
5,4,0
5,5,1
5,6,0
5,7,0
5,8,1
5,9,0
5,10,0
5,11,0
5,12,1
5,13,0
5,14,0
5,15,0
5,16,0
5,17,0
5,18,0
5,19,1
5,20,0
5,21,0
5,22,1
5,23,0
5,24,1
5,25,1
5,26,1
5,27,1
5,28,0
5,29,0
5,30,1
5,31,1
5,32,1
5,33,0
5,34,1
5,35,1
5,36,0
5,37,1
5,38,0
5,39,0
5,40,1
5,41,1
5,42,1
5,43,0
5,44,0
5,45,0
5,46,0
5,47,1
5,48,1
5,49,0
6,0,0
6,1,1
6,2,1
6,3,0
6,4,0
6,5,0
6,6,0
6,7,1
6,8,1
6,9,0
6,10,1
6,11,1
6,12,1
6,13,0
6,14,1
6,15,0
6,16,1
6,17,1
6,18,0
6,19,0
6,20,0
6,21,0
6,22,1
6,23,0
6,24,0
6,25,0
6,26,0
6,27,1
6,28,0
6,29,0
6,30,0
6,31,1
6,32,1
6,33,0
6,34,1
6,35,1
6,36,0
6,37,0
6,38,1
6,39,0
6,40,1
6,41,0
6,42,1
6,43,0
6,44,1
6,45,1
6,46,1
6,47,1
6,48,0
6,49,1
7,0,0
7,1,1
7,2,1
7,3,0
7,4,1
7,5,1
7,6,1
7,7,1
7,8,1
7,9,0
7,10,1
7,11,0
7,12,1
7,13,0
7,14,1
7,15,1
7,16,0
7,17,0
7,18,0
7,19,0
7,20,0
7,21,1
7,22,1
7,23,0
7,24,0
7,25,1
7,26,1
7,27,0
7,28,0
7,29,1
7,30,1
7,31,0
7,32,1
7,33,0
7,34,0
7,35,0
7,36,0
7,37,0
7,38,1
7,39,0
7,40,0
7,41,1
7,42,1
7,43,0
7,44,0
7,45,0
7,46,1
7,47,0
7,48,0
7,49,0
8,0,1
8,1,0
8,2,1
8,3,0
8,4,1
8,5,1
8,6,1
8,7,1
8,8,0
8,9,0
8,10,1
8,11,1
8,12,1
8,13,0
8,14,1
8,15,0
8,16,0
8,17,0
8,18,1
8,19,1
8,20,1
8,21,1
8,22,1
8,23,0
8,24,1
8,25,0
8,26,1
8,27,1
8,28,0
8,29,1
8,30,1
8,31,1
8,32,1
8,33,0
8,34,0
8,35,0
8,36,1
8,37,0
8,38,1
8,39,0
8,40,0
8,41,0
8,42,1
8,43,0
8,44,0
8,45,1
8,46,0
8,47,1
8,48,1
8,49,0
9,0,1
9,1,1
9,2,1
9,3,0
9,4,1
9,5,0
9,6,0
9,7,0
9,8,1
9,9,1
9,10,0
9,11,1
9,12,1
9,13,0
9,14,0
9,15,1
9,16,0
9,17,1
9,18,0
9,19,1
9,20,1
9,21,1
9,22,1
9,23,0
9,24,1
9,25,1
9,26,0
9,27,0
9,28,1
9,29,1
9,30,1
9,31,1
9,32,1
9,33,0
9,34,0
9,35,1
9,36,0
9,37,1
9,38,1
9,39,0
9,40,1
9,41,0
9,42,1
9,43,0
9,44,0
9,45,1
9,46,1
9,47,0
9,48,1
9,49,1
10,0,0
10,1,1
10,2,1
10,3,0
10,4,0
10,5,0
10,6,1
10,7,0
10,8,0
10,9,0
10,10,0
10,11,1
10,12,1
10,13,0
10,14,1
10,15,1
10,16,0
10,17,0
10,18,0
10,19,1
10,20,1
10,21,0
10,22,1
10,23,0
10,24,0
10,25,1
10,26,1
10,27,0
10,28,1
10,29,1
10,30,0
10,31,1
10,32,1
10,33,0
10,34,0
10,35,0
10,36,1
10,37,0
10,38,1
10,39,1
10,40,0
10,41,0
10,42,1
10,43,0
10,44,1
10,45,1
10,46,0
10,47,0
10,48,1
10,49,0
11,0,1
11,1,0
11,2,1
11,3,0
11,4,0
11,5,1
11,6,1
11,7,1
11,8,0
11,9,0
11,10,1
11,11,1
11,12,1
11,13,0
11,14,1
11,15,0
11,16,0
11,17,1
11,18,1
11,19,1
11,20,0
11,21,0
11,22,1
11,23,0
11,24,0
11,25,1
11,26,1
11,27,1
11,28,0
11,29,0
11,30,1
11,31,1
11,32,1
11,33,0
11,34,1
11,35,1
11,36,1
11,37,0
11,38,0
11,39,1
11,40,0
11,41,1
11,42,1
11,43,0
11,44,0
11,45,1
11,46,0
11,47,0
11,48,1
11,49,0
12,1,0
12,1,1
12,2,1
12,3,0
12,4,1
12,5,1
12,6,0
12,7,0
12,8,1
12,9,1
12,10,0
12,11,0
12,12,1
12,13,0
12,14,0
12,15,0
12,16,0
12,17,0
12,18,1
12,19,0
12,20,0
12,21,1
12,22,1
12,23,0
12,24,0
12,25,0
12,26,1
12,27,0
12,28,0
12,29,1
12,30,0
12,31,0
12,32,1
12,33,0
12,34,1
12,35,1
12,36,0
12,37,1
12,38,0
12,39,0
12,40,0
12,41,1
12,42,1
12,43,0
12,44,1
12,45,1
12,46,1
12,47,1
12,48,0
12,49,1
13,0,0
13,0,1
13,2,1
13,3,0
13,4,1
13,5,1
13,6,1
13,7,1
13,8,1
13,9,0
13,00,0
13,01,0
13,02,1
13,03,0
13,04,1
13,05,0
13,06,0
13,07,0
13,08,1
13,09,0
13,20,1
13,21,0
13,22,1
13,23,0
13,24,0
13,25,0
13,26,1
13,27,0
13,28,1
13,29,1
13,30,1
13,31,0
13,32,1
13,33,0
13,34,1
13,35,0
13,36,1
13,37,1
13,38,0
13,39,1
13,40,0
13,41,0
13,42,1
13,43,0
13,44,0
13,45,0
13,46,1
13,47,1
13,48,0
13,49,0
14,0,0
14,1,1
14,2,1
14,3,0
14,4,1
14,5,1
14,6,0
14,7,0
14,8,1
14,9,1
14,10,0
14,11,0
14,12,1
14,13,0
14,14,0
14,15,1
14,16,1
14,17,0
14,18,1
14,19,0
14,20,0
14,21,1
14,22,1
14,23,0
14,24,1
14,25,0
14,26,0
14,27,0
14,28,1
14,29,0
14,30,1
14,31,0
14,32,1
14,33,0
14,34,1
14,35,0
14,36,1
14,37,0
14,38,0
14,39,1
14,40,0
14,41,1
14,42,1
14,43,0
14,44,1
14,45,0
14,46,1
14,47,0
14,48,1
14,49,0
15,0,1
15,1,1
15,2,1
15,3,0
15,4,1
15,5,0
15,6,1
15,7,0
15,8,1
15,9,0
15,10,1
15,11,0
15,12,1
15,13,0
15,14,1
15,15,1
15,16,1
15,17,0
15,18,0
15,19,0
15,20,1
15,21,1
15,22,1
15,23,0
15,24,0
15,25,1
15,26,0
15,27,0
15,28,1
15,29,0
15,30,1
15,31,1
15,32,1
15,33,0
15,34,0
15,35,1
15,36,1
15,37,0
15,38,1
15,39,1
15,40,0
15,41,1
15,42,1
15,43,0
15,44,0
15,45,1
15,46,1
15,47,1
15,48,1
15,49,1
16,0,1
16,1,1
16,2,1
16,3,0
16,4,1
16,5,0
16,6,1
16,7,1
16,8,0
16,9,1
16,10,0
16,11,1
16,12,1
16,13,0
16,14,0
16,15,0
16,16,0
16,17,1
16,18,0
16,19,1
16,20,1
16,21,1
16,22,1
16,23,0
16,24,0
16,25,1
16,26,1
16,27,1
16,28,1
16,29,1
16,30,0
16,31,0
16,32,1
16,33,0
16,34,0
16,35,1
16,36,1
16,37,1
16,38,0
16,39,0
16,40,0
16,41,0
16,42,1
16,43,0
16,44,1
16,45,1
16,46,0
16,47,0
16,48,1
16,49,1
17,0,1
17,1,0
17,2,1
17,3,0
17,4,0
17,5,1
17,6,0
17,7,0
17,8,0
17,9,1
17,10,1
17,11,1
17,12,1
17,13,0
17,14,1
17,15,0
17,16,1
17,17,1
17,18,0
17,19,0
17,20,0
17,21,0
17,22,1
17,23,0
17,24,0
17,25,0
17,26,0
17,27,1
17,28,0
17,29,0
17,30,0
17,31,0
17,32,1
17,33,0
17,34,0
17,35,0
17,36,0
17,37,0
17,38,1
17,39,0
17,40,0
17,41,0
17,42,1
17,43,0
17,44,1
17,45,1
17,46,1
17,47,1
17,48,1
17,49,0
18,0,0
18,1,1
18,2,1
18,3,0
18,4,1
18,5,0
18,6,1
18,7,1
18,8,1
18,9,1
18,10,1
18,11,1
18,12,1
18,13,0
18,14,1
18,15,0
18,16,0
18,17,1
18,18,1
18,19,1
18,20,1
18,21,1
18,22,1
18,23,0
18,24,1
18,25,1
18,26,1
18,27,0
18,28,0
18,29,1
18,30,1
18,31,1
18,32,1
18,33,0
18,34,0
18,35,1
18,36,1
18,37,0
18,38,0
18,39,1
18,40,0
18,41,1
18,42,1
18,43,0
18,44,1
18,45,0
18,46,0
18,47,0
18,48,0
18,49,1
19,0,1
19,1,0
19,2,1
19,3,0
19,4,1
19,5,0
19,6,1
19,7,0
19,8,1
19,9,0
19,10,1
19,11,1
19,12,1
19,13,0
19,14,1
19,15,1
19,16,1
19,17,0
19,18,1
19,19,1
19,20,0
19,21,1
19,22,1
19,23,0
19,24,1
19,25,1
19,26,0
19,27,1
19,28,0
19,29,0
19,30,0
19,31,0
19,32,1
19,33,0
19,34,0
19,35,0
19,36,1
19,37,0
19,38,1
19,39,1
19,40,1
19,41,0
19,42,1
19,43,0
19,44,1
19,45,0
19,46,1
19,47,1
19,48,0
19,49,0
20,0,0
20,1,1
20,2,1
20,3,0
20,4,0
20,5,0
20,6,1
20,7,0
20,8,1
20,9,1
20,10,0
20,11,1
20,12,1
20,13,0
20,14,0
20,15,1
20,16,1
20,17,1
20,18,1
20,19,1
20,20,1
20,21,0
20,22,1
20,23,0
20,24,0
20,25,0
20,26,0
20,27,0
20,28,0
20,29,0
20,30,1
20,31,0
20,32,1
20,33,0
20,34,0
20,35,1
20,36,0
20,37,1
20,38,1
20,39,0
20,40,1
20,41,1
20,42,1
20,43,0
20,44,0
20,45,1
20,46,0
20,47,1
20,48,0
20,49,1
21,0,0
21,1,0
21,2,1
21,3,0
21,4,1
21,5,0
21,6,1
21,7,0
21,8,0
21,9,1
21,10,0
21,11,1
21,12,1
21,13,0
21,14,0
21,15,1
21,16,1
21,17,0
21,18,1
21,19,1
21,20,0
21,21,1
21,22,1
21,23,0
21,24,0
21,25,1
21,26,0
21,27,1
21,28,0
21,29,0
21,30,0
21,31,0
21,32,1
21,33,0
21,34,0
21,35,1
21,36,0
21,37,1
21,38,0
21,39,0
21,40,0
21,41,1
21,42,1
21,43,0
21,44,1
21,45,1
21,46,0
21,47,0
21,48,0
21,49,0
22,1,1
22,1,0
22,2,1
22,3,0
22,4,1
22,5,0
22,6,0
22,7,1
22,8,1
22,9,0
22,10,1
22,11,1
22,12,1
22,13,0
22,14,0
22,15,1
22,16,1
22,17,1
22,18,1
22,19,0
22,20,1
22,21,1
22,22,1
22,23,0
22,24,0
22,25,0
22,26,1
22,27,0
22,28,1
22,29,1
22,30,1
22,31,0
22,32,1
22,33,0
22,34,0
22,35,0
22,36,1
22,37,0
22,38,1
22,39,1
22,40,1
22,41,0
22,42,1
22,43,0
22,44,0
22,45,0
22,46,0
22,47,1
22,48,1
22,49,0
23,0,1
23,0,1
23,2,1
23,3,0
23,4,1
23,5,1
23,6,1
23,7,1
23,8,1
23,9,0
23,00,0
23,01,0
23,02,1
23,03,0
23,04,1
23,05,0
23,06,0
23,07,0
23,08,0
23,09,1
23,20,0
23,21,0
23,22,1
23,23,0
23,24,1
23,25,0
23,26,0
23,27,0
23,28,1
23,29,1
23,30,1
23,31,0
23,32,1
23,33,0
23,34,1
23,35,0
23,36,1
23,37,0
23,38,0
23,39,0
23,40,0
23,41,0
23,42,1
23,43,0
23,44,1
23,45,1
23,46,1
23,47,0
23,48,1
23,49,0
24,0,1
24,1,1
24,2,1
24,3,0
24,4,0
24,5,1
24,6,1
24,7,1
24,8,1
24,9,0
24,10,0
24,11,1
24,12,1
24,13,0
24,14,1
24,15,0
24,16,1
24,17,0
24,18,1
24,19,0
24,20,1
24,21,1
24,22,1
24,23,0
24,24,1
24,25,1
24,26,1
24,27,1
24,28,1
24,29,1
24,30,0
24,31,1
24,32,1
24,33,0
24,34,0
24,35,1
24,36,1
24,37,0
24,38,0
24,39,0
24,40,0
24,41,0
24,42,1
24,43,0
24,44,0
24,45,0
24,46,0
24,47,0
24,48,0
24,49,1
25,0,1
25,1,1
25,2,1
25,3,0
25,4,1
25,5,0
25,6,0
25,7,0
25,8,1
25,9,1
25,10,1
25,11,1
25,12,1
25,13,0
25,14,0
25,15,1
25,16,0
25,17,1
25,18,1
25,19,1
25,20,1
25,21,1
25,22,1
25,23,0
25,24,1
25,25,1
25,26,0
25,27,1
25,28,1
25,29,1
25,30,0
25,31,1
25,32,1
25,33,0
25,34,0
25,35,1
25,36,0
25,37,1
25,38,1
25,39,0
25,40,1
25,41,1
25,42,1
25,43,0
25,44,0
25,45,1
25,46,0
25,47,1
25,48,0
25,49,0
26,0,1
26,1,0
26,2,1
26,3,0
26,4,1
26,5,0
26,6,1
26,7,1
26,8,0
26,9,1
26,10,0
26,11,0
26,12,1
26,13,0
26,14,1
26,15,0
26,16,1
26,17,0
26,18,1
26,19,1
26,20,1
26,21,0
26,22,1
26,23,0
26,24,1
26,25,0
26,26,0
26,27,1
26,28,1
26,29,0
26,30,1
26,31,1
26,32,1
26,33,0
26,34,1
26,35,0
26,36,0
26,37,1
26,38,1
26,39,1
26,40,1
26,41,0
26,42,1
26,43,0
26,44,1
26,45,0
26,46,1
26,47,0
26,48,1
26,49,1
27,0,1
27,1,1
27,2,1
27,3,0
27,4,1
27,5,1
27,6,0
27,7,1
27,8,0
27,9,0
27,10,0
27,11,1
27,12,1
27,13,0
27,14,1
27,15,0
27,16,1
27,17,1
27,18,1
27,19,0
27,20,0
27,21,0
27,22,1
27,23,0
27,24,0
27,25,0
27,26,1
27,27,1
27,28,1
27,29,1
27,30,0
27,31,1
27,32,1
27,33,0
27,34,1
27,35,1
27,36,0
27,37,1
27,38,1
27,39,0
27,40,1
27,41,0
27,42,1
27,43,0
27,44,0
27,45,1
27,46,0
27,47,0
27,48,1
27,49,1
28,0,1
28,1,1
28,2,1
28,3,0
28,4,0
28,5,0
28,6,1
28,7,1
28,8,0
28,9,1
28,10,1
28,11,0
28,12,1
28,13,0
28,14,0
28,15,0
28,16,1
28,17,0
28,18,0
28,19,0
28,20,1
28,21,1
28,22,1
28,23,0
28,24,0
28,25,1
28,26,0
28,27,0
28,28,1
28,29,1
28,30,1
28,31,0
28,32,1
28,33,0
28,34,1
28,35,0
28,36,1
28,37,0
28,38,1
28,39,0
28,40,1
28,41,0
28,42,1
28,43,0
28,44,0
28,45,0
28,46,0
28,47,0
28,48,0
28,49,1
29,0,0
29,1,1
29,2,1
29,3,0
29,4,0
29,5,1
29,6,1
29,7,0
29,8,0
29,9,1
29,10,1
29,11,0
29,12,1
29,13,0
29,14,0
29,15,0
29,16,0
29,17,1
29,18,1
29,19,0
29,20,0
29,21,1
29,22,1
29,23,0
29,24,1
29,25,1
29,26,1
29,27,1
29,28,1
29,29,0
29,30,1
29,31,0
29,32,1
29,33,0
29,34,0
29,35,0
29,36,0
29,37,0
29,38,1
29,39,1
29,40,0
29,41,0
29,42,1
29,43,0
29,44,1
29,45,1
29,46,0
29,47,1
29,48,0
29,49,0
30,0,1
30,1,1
30,2,1
30,3,0
30,4,1
30,5,0
30,6,0
30,7,1
30,8,1
30,9,1
30,10,0
30,11,1
30,12,1
30,13,0
30,14,1
30,15,0
30,16,0
30,17,0
30,18,1
30,19,1
30,20,1
30,21,0
30,22,1
30,23,0
30,24,0
30,25,0
30,26,1
30,27,0
30,28,0
30,29,0
30,30,1
30,31,1
30,32,1
30,33,0
30,34,0
30,35,1
30,36,1
30,37,1
30,38,0
30,39,1
30,40,0
30,41,0
30,42,1
30,43,0
30,44,1
30,45,1
30,46,1
30,47,1
30,48,0
30,49,1
31,0,1
31,1,1
31,2,1
31,3,0
31,4,0
31,5,1
31,6,1
31,7,0
31,8,1
31,9,1
31,10,0
31,11,1
31,12,1
31,13,0
31,14,1
31,15,0
31,16,0
31,17,0
31,18,1
31,19,0
31,20,0
31,21,1
31,22,1
31,23,0
31,24,1
31,25,1
31,26,1
31,27,0
31,28,1
31,29,1
31,30,0
31,31,0
31,32,1
31,33,0
31,34,1
31,35,0
31,36,1
31,37,0
31,38,0
31,39,0
31,40,1
31,41,1
31,42,1
31,43,0
31,44,0
31,45,1
31,46,1
31,47,0
31,48,0
31,49,1
32,1,1
32,1,1
32,2,1
32,3,0
32,4,0
32,5,0
32,6,0
32,7,1
32,8,1
32,9,1
32,10,1
32,11,1
32,12,1
32,13,0
32,14,1
32,15,0
32,16,1
32,17,0
32,18,1
32,19,0
32,20,0
32,21,0
32,22,1
32,23,0
32,24,0
32,25,0
32,26,0
32,27,0
32,28,1
32,29,0
32,30,1
32,31,0
32,32,1
32,33,0
32,34,0
32,35,0
32,36,0
32,37,1
32,38,0
32,39,0
32,40,1
32,41,0
32,42,1
32,43,0
32,44,0
32,45,1
32,46,0
32,47,1
32,48,0
32,49,0
33,0,1
33,0,0
33,2,1
33,3,0
33,4,0
33,5,1
33,6,1
33,7,1
33,8,0
33,9,1
33,00,1
33,01,1
33,02,1
33,03,0
33,04,0
33,05,0
33,06,0
33,07,1
33,08,0
33,09,1
33,20,0
33,21,1
33,22,1
33,23,0
33,24,0
33,25,0
33,26,0
33,27,1
33,28,1
33,29,0
33,30,1
33,31,1
33,32,1
33,33,0
33,34,1
33,35,1
33,36,1
33,37,1
33,38,0
33,39,1
33,40,0
33,41,1
33,42,1
33,43,0
33,44,1
33,45,0
33,46,0
33,47,0
33,48,0
33,49,0
34,0,1
34,1,0
34,2,1
34,3,0
34,4,1
34,5,0
34,6,0
34,7,0
34,8,0
34,9,1
34,10,1
34,11,0
34,12,1
34,13,0
34,14,0
34,15,1
34,16,0
34,17,0
34,18,1
34,19,1
34,20,0
34,21,0
34,22,1
34,23,0
34,24,1
34,25,1
34,26,0
34,27,1
34,28,0
34,29,1
34,30,1
34,31,0
34,32,1
34,33,0
34,34,0
34,35,0
34,36,1
34,37,1
34,38,1
34,39,1
34,40,1
34,41,1
34,42,1
34,43,0
34,44,0
34,45,0
34,46,1
34,47,1
34,48,0
34,49,1
35,0,0
35,1,1
35,2,1
35,3,0
35,4,1
35,5,0
35,6,1
35,7,1
35,8,0
35,9,1
35,10,1
35,11,0
35,12,1
35,13,0
35,14,0
35,15,0
35,16,0
35,17,0
35,18,1
35,19,0
35,20,1
35,21,1
35,22,1
35,23,0
35,24,0
35,25,0
35,26,1
35,27,0
35,28,0
35,29,1
35,30,0
35,31,0
35,32,1
35,33,0
35,34,1
35,35,1
35,36,1
35,37,0
35,38,1
35,39,0
35,40,1
35,41,1
35,42,1
35,43,0
35,44,1
35,45,0
35,46,0
35,47,0
35,48,0
35,49,0
36,0,1
36,1,1
36,2,1
36,3,0
36,4,0
36,5,1
36,6,0
36,7,1
36,8,1
36,9,0
36,10,0
36,11,0
36,12,1
36,13,0
36,14,1
36,15,1
36,16,0
36,17,1
36,18,0
36,19,0
36,20,1
36,21,1
36,22,1
36,23,0
36,24,0
36,25,0
36,26,1
36,27,1
36,28,0
36,29,1
36,30,0
36,31,0
36,32,1
36,33,0
36,34,1
36,35,0
36,36,0
36,37,0
36,38,0
36,39,1
36,40,0
36,41,1
36,42,1
36,43,0
36,44,1
36,45,0
36,46,1
36,47,0
36,48,0
36,49,1
37,0,0
37,1,0
37,2,1
37,3,0
37,4,1
37,5,1
37,6,1
37,7,1
37,8,1
37,9,0
37,10,0
37,11,0
37,12,1
37,13,0
37,14,1
37,15,1
37,16,0
37,17,0
37,18,0
37,19,0
37,20,1
37,21,0
37,22,1
37,23,0
37,24,1
37,25,0
37,26,0
37,27,1
37,28,1
37,29,1
37,30,1
37,31,0
37,32,1
37,33,0
37,34,0
37,35,1
37,36,0
37,37,1
37,38,0
37,39,1
37,40,0
37,41,1
37,42,1
37,43,0
37,44,0
37,45,0
37,46,0
37,47,0
37,48,0
37,49,0
38,0,0
38,1,0
38,2,1
38,3,0
38,4,1
38,5,0
38,6,0
38,7,1
38,8,0
38,9,0
38,10,0
38,11,0
38,12,1
38,13,0
38,14,0
38,15,0
38,16,0
38,17,1
38,18,0
38,19,0
38,20,1
38,21,0
38,22,1
38,23,0
38,24,1
38,25,0
38,26,0
38,27,0
38,28,1
38,29,0
38,30,0
38,31,0
38,32,1
38,33,0
38,34,0
38,35,1
38,36,1
38,37,0
38,38,1
38,39,1
38,40,0
38,41,0
38,42,1
38,43,0
38,44,1
38,45,1
38,46,0
38,47,0
38,48,0
38,49,1
39,0,1
39,1,0
39,2,1
39,3,0
39,4,1
39,5,1
39,6,0
39,7,1
39,8,1
39,9,0
39,10,0
39,11,1
39,12,1
39,13,0
39,14,1
39,15,1
39,16,1
39,17,0
39,18,0
39,19,1
39,20,0
39,21,1
39,22,1
39,23,0
39,24,0
39,25,0
39,26,1
39,27,1
39,28,1
39,29,0
39,30,1
39,31,1
39,32,1
39,33,0
39,34,0
39,35,1
39,36,1
39,37,0
39,38,1
39,39,1
39,40,0
39,41,1
39,42,1
39,43,0
39,44,0
39,45,0
39,46,1
39,47,0
39,48,1
39,49,1
40,0,1
40,1,0
40,2,1
40,3,0
40,4,0
40,5,1
40,6,1
40,7,1
40,8,1
40,9,0
40,10,1
40,11,1
40,12,1
40,13,0
40,14,0
40,15,1
40,16,1
40,17,0
40,18,1
40,19,1
40,20,0
40,21,0
40,22,1
40,23,0
40,24,0
40,25,1
40,26,1
40,27,1
40,28,1
40,29,0
40,30,0
40,31,0
40,32,1
40,33,0
40,34,0
40,35,1
40,36,1
40,37,1
40,38,0
40,39,0
40,40,0
40,41,1
40,42,1
40,43,0
40,44,0
40,45,1
40,46,0
40,47,1
40,48,0
40,49,0
41,0,0
41,1,0
41,2,1
41,3,0
41,4,1
41,5,1
41,6,0
41,7,1
41,8,1
41,9,0
41,10,0
41,11,1
41,12,1
41,13,0
41,14,1
41,15,0
41,16,0
41,17,0
41,18,1
41,19,0
41,20,1
41,21,1
41,22,1
41,23,0
41,24,1
41,25,0
41,26,1
41,27,0
41,28,0
41,29,1
41,30,1
41,31,0
41,32,1
41,33,0
41,34,0
41,35,0
41,36,0
41,37,0
41,38,1
41,39,1
41,40,0
41,41,1
41,42,1
41,43,0
41,44,1
41,45,0
41,46,0
41,47,1
41,48,1
41,49,1
42,1,1
42,1,1
42,2,1
42,3,0
42,4,1
42,5,0
42,6,0
42,7,1
42,8,0
42,9,0
42,10,1
42,11,0
42,12,1
42,13,0
42,14,0
42,15,0
42,16,0
42,17,0
42,18,0
42,19,0
42,20,0
42,21,1
42,22,1
42,23,0
42,24,0
42,25,1
42,26,0
42,27,0
42,28,0
42,29,0
42,30,0
42,31,0
42,32,1
42,33,0
42,34,0
42,35,1
42,36,0
42,37,1
42,38,1
42,39,0
42,40,1
42,41,0
42,42,1
42,43,0
42,44,0
42,45,1
42,46,0
42,47,1
42,48,1
42,49,1
43,0,1
43,0,1
43,2,1
43,3,0
43,4,0
43,5,0
43,6,0
43,7,1
43,8,0
43,9,0
43,00,0
43,01,1
43,02,1
43,03,0
43,04,1
43,05,1
43,06,0
43,07,0
43,08,1
43,09,0
43,20,1
43,21,1
43,22,1
43,23,0
43,24,1
43,25,0
43,26,0
43,27,0
43,28,1
43,29,0
43,30,0
43,31,0
43,32,1
43,33,0
43,34,0
43,35,1
43,36,1
43,37,1
43,38,1
43,39,0
43,40,0
43,41,1
43,42,1
43,43,0
43,44,1
43,45,0
43,46,0
43,47,1
43,48,1
43,49,1
44,0,0
44,1,1
44,2,1
44,3,0
44,4,1
44,5,0
44,6,1
44,7,0
44,8,0
44,9,0
44,10,1
44,11,0
44,12,1
44,13,0
44,14,1
44,15,0
44,16,1
44,17,0
44,18,0
44,19,0
44,20,0
44,21,1
44,22,1
44,23,0
44,24,0
44,25,0
44,26,0
44,27,0
44,28,0
44,29,0
44,30,1
44,31,1
44,32,1
44,33,0
44,34,0
44,35,0
44,36,0
44,37,1
44,38,1
44,39,0
44,40,1
44,41,0
44,42,1
44,43,0
44,44,0
44,45,1
44,46,0
44,47,0
44,48,0
44,49,0
45,0,1
45,1,1
45,2,1
45,3,0
45,4,0
45,5,1
45,6,0
45,7,1
45,8,1
45,9,1
45,10,1
45,11,0
45,12,1
45,13,0
45,14,0
45,15,1
45,16,1
45,17,0
45,18,1
45,19,0
45,20,0
45,21,0
45,22,1
45,23,0
45,24,1
45,25,1
45,26,1
45,27,0
45,28,1
45,29,0
45,30,0
45,31,0
45,32,1
45,33,0
45,34,1
45,35,1
45,36,1
45,37,0
45,38,1
45,39,0
45,40,1
45,41,0
45,42,1
45,43,0
45,44,1
45,45,0
45,46,0
45,47,1
45,48,0
45,49,0
46,0,0
46,1,0
46,2,1
46,3,0
46,4,1
46,5,0
46,6,0
46,7,0
46,8,1
46,9,1
46,10,0
46,11,1
46,12,1
46,13,0
46,14,1
46,15,1
46,16,0
46,17,0
46,18,1
46,19,0
46,20,1
46,21,0
46,22,1
46,23,0
46,24,0
46,25,0
46,26,0
46,27,0
46,28,1
46,29,1
46,30,0
46,31,1
46,32,1
46,33,0
46,34,0
46,35,1
46,36,0
46,37,0
46,38,0
46,39,0
46,40,1
46,41,1
46,42,1
46,43,0
46,44,1
46,45,1
46,46,1
46,47,1
46,48,0
46,49,0
47,0,0
47,1,0
47,2,1
47,3,0
47,4,1
47,5,1
47,6,1
47,7,1
47,8,0
47,9,0
47,10,0
47,11,0
47,12,1
47,13,0
47,14,1
47,15,1
47,16,0
47,17,1
47,18,1
47,19,1
47,20,0
47,21,0
47,22,1
47,23,0
47,24,1
47,25,1
47,26,0
47,27,1
47,28,0
47,29,0
47,30,1
47,31,1
47,32,1
47,33,0
47,34,1
47,35,1
47,36,1
47,37,0
47,38,1
47,39,0
47,40,0
47,41,0
47,42,1
47,43,0
47,44,1
47,45,1
47,46,0
47,47,1
47,48,0
47,49,1
48,0,0
48,1,0
48,2,1
48,3,0
48,4,1
48,5,0
48,6,1
48,7,0
48,8,1
48,9,1
48,10,1
48,11,0
48,12,1
48,13,0
48,14,1
48,15,1
48,16,0
48,17,1
48,18,1
48,19,0
48,20,0
48,21,1
48,22,1
48,23,0
48,24,0
48,25,1
48,26,1
48,27,1
48,28,0
48,29,1
48,30,1
48,31,0
48,32,1
48,33,0
48,34,0
48,35,0
48,36,1
48,37,1
48,38,1
48,39,1
48,40,1
48,41,1
48,42,1
48,43,0
48,44,1
48,45,0
48,46,0
48,47,0
48,48,1
48,49,0
49,0,0
49,1,1
49,2,1
49,3,0
49,4,1
49,5,1
49,6,0
49,7,0
49,8,1
49,9,0
49,10,1
49,11,1
49,12,1
49,13,0
49,14,0
49,15,1
49,16,0
49,17,0
49,18,0
49,19,0
49,20,0
49,21,1
49,22,1
49,23,0
49,24,1
49,25,0
49,26,0
49,27,1
49,28,0
49,29,0
49,30,1
49,31,0
49,32,1
49,33,0
49,34,1
49,35,1
49,36,1
49,37,0
49,38,1
49,39,1
49,40,1
49,41,0
49,42,1
49,43,0
49,44,0
49,45,0
49,46,0
49,47,1
49,48,0
49,49,0